16486.3601139
3265.40287695
3352.43490695
3364.47128695
3455.44409695
3492.56624695
3584.48668695
3605.65030695
3681.53944695
3708.65949695
3780.60785695
3845.71840695
3908.66643695
3958.80246695
4072.84539695
4094.74574695
4151.76720695
4185.92945695
4265.81013695
4299.01351695
4400.06119695
4412.87854695
4515.88773695
4528.15615695
4614.95614695
4642.19908695
4745.99663695
4773.23957695
4817.03374695
4886.32363695
4973.13485695
5023.38254695
5030.15631695
5136.46660695
5158.21489695
5193.48806695
5273.24183695
5321.58302695
5402.28442695
5450.62561695
5501.35283695
5581.66610695
5638.41174695
5694.75016695
5767.45433695
5857.81349695
5944.84552695
5953.53364695
6107.90885695
6116.59697695
6164.93031695
6219.60616695
6276.62762695
6278.01437695
6377.67530695
6379.06205695
6448.71241695
6535.74444695
6565.14136695
6636.79212695
6728.20469695
6767.83261695
6843.23163695
6854.86464695
6972.27422695
6982.92322695
7096.00728695
7158.35353695
7229.39064695
7252.10839695
7342.47470695
7399.17680695
7456.19826695
7479.53361695
7559.20745695
7594.56055695
7673.25038695
7709.58749695
7774.29806695
7840.62798695
7921.36647695
8018.41923695
8026.70729695
8097.74440695
8132.46216695
8225.80298695
8260.55712695
8353.89794695
8388.61570695
8459.65281695
8467.94087695
8564.99363695
8645.73212695
8712.06204695
8776.77261695
8813.10972695
8891.79955695
8927.15265695
9006.82649695
9030.16184695
9087.18330695
9143.88540695
9234.25171695
9256.96946695
9328.00657695
9390.35282695
9503.43688695
9514.08588695
9631.49546695
9643.12847695
9718.52749695
9758.15541695
9849.56798695
9921.21874695
9950.61566695
10037.647697
10107.298057
10108.684807
10208.345737
10209.732487
10266.753947
10321.429797
10369.763137
10378.451257
10532.826467
10541.514587
10628.546617
10718.905777
10791.609947
10847.948367
10904.694007
10985.007277
11035.734497
11084.075687
11164.777087
11213.118277
11292.872047
11328.145217
11349.893507
11456.203797
11462.977567
11513.225257
11600.036477
11669.326367
11713.120537
11740.363477
11844.161027
11871.403967
11958.203957
11970.472377
12073.481567
12086.298917
12187.346597
12220.549977
12300.430657
12334.592907
12391.614367
12413.514717
12527.557647
12577.693677
12640.641707
12705.752257
12777.700617
12804.820667
12880.709807
12901.873427
12993.793867
13030.916017
13121.888827
13133.925207
13220.957237