2741.9646922
2828.9967222
2942.0807822
3043.1284622
3171.1870422
3284.2711022
3412.3660622
3575.4293922
3738.4927222
3866.5513022
3963.6040622
4100.6629722
4263.7263022
4449.8056122
4580.8461022
4651.8832122
4779.9781722
4877.0309322
4976.0993422
5077.1470222
5192.1739622
5306.2168922
5469.2802222
5616.3486322
5719.3578222
5905.4371322
5962.4585922
6090.5535522
6253.6168822
6310.6383422
6441.6788322
6588.7472422
6687.8156522
6784.8684122
6913.9110022
7016.9201922
7130.9631222
7228.0158822
7356.0744622
7470.1173922
7633.1807222
7764.2212122
7861.2739722
7975.3169022
8103.4118622
8200.4646222
8313.5486822
8384.5857922
8471.6178222
8599.7127822
8698.7811922
8799.8288722
8927.8874522
9064.9463622
9212.0147722
9269.0362322
9372.0454222
9486.0883522
9573.1203822
9674.1680622
9787.2521222
9934.3205322
10065.3610222
10212.4294322
10375.4927622
10522.5611722
10625.5703622
10740.5973022
10926.6766122
10997.7137222
11111.7566522
11212.8043322
11343.8448222
11471.9397822
11658.0190922
11772.0620222
11886.1049522
12017.1454422
12164.2138522
12301.2727622
12464.3360922
12595.3765822
12723.4715422
12879.5726522
13010.6131422
13196.6924522
13333.7513622
13480.8197722
13643.8831022
13790.9515122
13861.9886222
13990.0472022
14061.0843122
14217.1854222
14332.2123622
14479.2807722
14580.3284522
14681.3761322
14752.4132422